loss: 0.08505992591381073
accuracy: 0.970802903175354